a=1/2;
b=1\2;
x=1:10:101;
y=linspace(1,100,50);
z=ones([3]);

